14475028
1760976664
102825216
1308751437
890415677
-1981697927
975739137
-194129510
-1708266344
1461423566
-928652834
-2032378729
-567239511
399066009
2071637517
1796303512
-943803605
525974142
517125800
182239278
-1445459108
370146777
1289592125
1554184471
1867034839
387015946
417035392
-1378051445
-1775282318
215884223
793174711
1422467015
-355570306
-687022527
-2068171039
-2019395493
-651633196
-982924569
1305781825
-141921583
815921676
-723010155
-454811760
-1271056220
-693484433
1361076220
1772893754
1701161521
410198578
2062697200
-1756653033
1618990385
-1651283724
398307632
2113577784
-1177276971
-1620976909
1959162018
-876393320
707460841
-994166423
-896931449
770049407
746412544
-631889240
-2054252
1631639488
1109573004
19720878
-1595723164
-67036386
548752016
1704445757
2076047049
-1416645039
507158242
-493137988
-959464346
518977187
1055940482
-145010403
868532927
-1364104786
-1680656781
387231466
-1782116015
-1847923837
774658022
-1649212941
-1765846608
-610971457
-1704911158
-1749585993
-670942402
-482694566
79045197
2005229396
1439812108
343824625
232012774
1156546161
-332413268
-1819348571
1787580509
-1501915679
398571904
-1281545187
1900013865
1803675672
1785083629
-1141261003
-632362486
1783985912
-1719256286
1374595491
467352112
-2007407186
-336847337
-1351405715
-122342586
-129868702
1348572458
-63473954
-1676456508
-1852664477
-644497386
-1662588620
-1150531562
134865494
429470415
-270945302
-1826863233
-1992073695
388648658
935366216
1574240325
-805078246
1888064455
-64593688
-493926826
-980234384
-2014794674
-581837901
-1630421920
2133048956
1812253646
1838086392
238151460
1225604855
-1503051782
-1513401706
-1358162779
-123000549
1711055745
-584574432
52185758
868366959
1906908955
1734003831
-951577946
-463531132
1368190837
-1784794122
1654834675
1084195543
-1774096932
-171688957
1388579953
-1576781525
-593919033
-1668136752
721411175
-1219880209
-1737662109
-89260813
1260046778
424345365
1080804852
-740380565
-1529678870
-394660135
1087092818
-1562708478
1872649373
397754269
-1768091741
-373257647
948138057
-1292228804
-660941598
-769843064
-2057756831
1736862026
-1366649348
1576365521
-382876157
-1440079465
-592816885
-173809583
-1866034421
-1621029581
-2107091148
-945074158
391409748
935182888
-1351896664
1513382001
1450696597
387784202
-1689697891
-1000541176
-1317534065
2112955727
-199761057
1425088622
-1095711985
1069618985
1167083727
686484913
1095496833
-1304048718
-145760596
2066505503
1170560572
223268529
1198023060
2031745781
555193911
572392453
2017501091
1135762138
139814981
507066259
1793972198
-1930006893
607031404
718317199
-312336455
1642138441
-1012372314
1808871357
-1954592066
-1316055810
-393130149
724715107
-680549103
-2005336611
1064475734
2000462711
-2012822581
-1331940461
-384154305
-1654645552
1481014940
-978504880
1192737163
1744906588
-1067608948
-1109611388
-122139890
-1752442112
512337695
222765706
1625591625
-1991455810
1896838296
665234329
-1869320925
-1413669492
-1766695407
-1235326
2003858039
1638182311
1354025858
-325694137
1738049179
-1078826885
553849766
-1699361650
233668427
1878567950
-153117361
2146946588
-880090334
-16192912
558040697
-1478139446
-1150694547
1314901824
-1504586195
-139181837
434466206
-2108224228
1008596502
-928945638
-1272708875
-1796577584
-2096920464
-1670798145
776428977
-2069181184
-334027880
-986127510
-137934740
-1202555000
97604303
-1710849134
938533718
-2131264963
461533772
-280342471
-1541990509
-602247557
-2035662942
-748504964
555751770
1032387806
1726566943
603490959
1799036260
160843682
1213719430
802106281
331670608
-27580783
627473904
296574822
-385764441
-1736980173
759076630
-338939274
651336830
176842393
70474160
-296715297
-1755488624
1788899548
1064555200
-1059672118
-412448683
761987566
-1793193711
532595276
-1191312937
452140747
-656686056
1702382943
1093033843
-33112485
1283943006
-2047969385
-693661597
919153683
1495790947
-660960777
-1548528328
-1924543805
2082106929
-1185532399
932572046
-1080037374
550730316
-871363279
-331415542
768571813
1336134645
-878001659
934305264
1684814093
-1668607058
-1888163001
-1281880915
643952964
-1987804843
-1419544243
1734174337
-1668383376
-1917197391
-308131969
1571146782
-2140598955
1213625300
-1440558461
1232940204
1909415480
407309785
-1048126754
-1414963031
-1443407040
2001505747
-1396152208
614510758
-949160151
-124496431
1398191033
-1695596668
1930175359
-2095507013
-1202853478
-1422303322
-1672759529
-1058549709
-1618682063
1141028479
1106261366
388828366
-347017651
722733926
-1157147610
2001237280
2118022152
-212013817
-1110632470
-1632327616
580059041
-1559150721
-1774591199
1031781293
919070792
1555392322
375210739
-825339557
581014306
1247181943
1836149933
802091826
-401864335
1960786720
-312488734
-816844360
892740438
262553292
-828060447
-1235418264
-723012293
-1465454464
-294158732
111011690
394638239
1985224246
-1618545552
-738673854
1726454858
2110674483
990753370
-528156317
-2002378045
-1950019572
1081497340
8780049
1269174011
-944810841
1523371980
-2126691897
-1649849039
1081291290
-33459415
1664290759
1507680083
502021323
-894164040
67301777
1372637469
-758249681
444648187
-463688326
-1216259566
-1577454574
36398833
-1453333108
-1516351370
-776020707
-293094037
717496218
378565116
1752758963
105529982
880997617
1683295536
-1974668195
631064421
-1587837848
2045881045
-2034149161
1394759917
-318253202
1985884951
932616687
1341069577
140767017
-1283102198
1040224131
-1652908615
-1361043817
-175718246
1376606787
-1191503993
-1915082499
929114343
663272552
-1433943103
-632763239
-1855448099
1416535602
-1989755276
248844145
-1931570990
-1755040220
-1186392979
1492727702
-1204639524
-1755157907
1541139528
-1086552610
2031186872
-713485686
1494398395
251260134
-2141775692
-1540243811
1132836823
-1012221621
424450158
-1312289545
-2135683124
-1848787563
1350788061
1353715165
2136454454
315398892
-1708030987
-1648027159
-557761088
863197323
-106549648
1574964257
488485329
-12219914
-1925195915
351074841
-941321701
904896500
-1386583544
1833965297
862186670
-893337007
-273857366
2110894917
438105602
1798029736
1159475119
1538663685
-516462644
606677474
-312094163
1979177629
-699978941
1985025933
1047508543
-614303946
1133099386
54253788
-1155786042
240251017
593125660
-1698453752
-1112121458
-276637256
1062884742
992722247
-1263963849
1832616375
151007953
-986729918
-1225080615
150176789
847406269
-1217465192
159425309
-609409799
-1850640290
1152880052
2105979398
1739119110
-1208022955
-1815094371
1916232927
1113831071
2054272465
1085534010
-592389518
1494628088
1141092382
-1103423984
-722192142
158386598
802450036
419604507
-1848197485
1686114765
-1511267491
1460017559
776892246
733813227
-1098380753
890389271
1923098875
119934718
1191505514
-1250753450
1409850096
-935796049
1015917205
-383543235
-1531451315
-178338600
-686806682
1951966876
1053668877
355483144
-1285664489
-1429007633
262166159
-1085009672
-642911990
-401906665
-470901813
-1576834451
-241405698
-1383764202
220707723
-668348353
-1684289309
-1943377294
-381947051
268884319
348408335
453350951
-1482380764
-418102610
-1449830109
1245953737
1586367715
1018318902
-920282341
-1605814270
-1547115004
960957432
-2076775693
-333545140
359729431
-1738180165
2119814637
2103955244
721601911
-2135343866
142965612
-1786685141
-2092876425
-1951644377
1876785804
-1541316067
-865873229
707823561
596520103
-1422515273
-718209778
925233224
1790612961
1762360009
2015553094
440384960
-1927904250
-529888476
-1636065757
378473401
-1210502161
1007974889
326664277
-90156997
-1795329984
2111428174
-639468833
563414788
1458100056
-1915960768
-431605103
-1410068924
114918541
-490212069
145215633
1149160722
-2076352404
1360723742
-1578797790
1729385293
-1719161668
795066501
-419349239
-1347253875
-588518854
848599520
2126710934
1900642449
1402531667
1788401755
1473984235
317818615
-1341977133
-607149190
1032847440
-1598333858
1783100469
883586030
-547380776
1961706430
-678092259
1048905705
1299063682
-1290672464
-1332605983
185907261
964891842
-2114739644
-1702368428
314604223
-203314973
-185767957
-2012271436
1872233078
-603444272
1376636314
-1077959656
-1432842885
1486895873
-1805306040
1497010573
1727886547
-839380492
-1331081371
-909831815
1083301290
-1672035039
-1434642050
-538596891
-397280688
-753409920
2082891595
-912453266
1034563306
904712102
-1686279928
119209986
880945525
-1138038353
791927056
-183085599
1776170007
-889976845
-1747269095
111691406
284378918
708033449
-1446419034
-720510784
-1258117239
1803195953
-138455738
828623307
796435322
991826479
1027065285
42459692
-521447400
-1145133133
1930916490
-1803302106
2041959030
2067501877
-1982555675
-848606493
1126720163
1505804085
-1264978922
-54102678
1174451586
-737230190
733916663
1096367218
-17516762
-1953406269
-495959766
-858604323
-131682269
412265164
-431546634
-1789027123
-913313258
-1833666669
635870137
-966925197
1003073065
2140092437
981512271
-2058031252
1741180458
733858705
-141442382
1450640701
908945117
-23868999
1184649600
1442897665
1740448517
-1585677330
-538610199
1979374436
-1626008429
1289066067
-82768753
153845164
428141684
-145248951
-1261204661
1770578778
-1867543721
-878076423
-476860335
-1397923352
-804236236
-861511616
59278056
-1848395589
180002168
-97217058
-1615449709
-202924482
-671882860
1010926127
212644289
58889609
-288039173
-531172397
60209642
-554532941
1096541743
1881945089
-222238202
-570035973
878715221
-1297412599
-1369217155
1279114558
1417399157
1658183100
-583246718
976550222
2043326381
99636576
1953554375
-2103923360
1625119868
121048751
-1125816354
-425402324
833439099
-629339415
-1326268369
-1338732719
1716348489
-1262805540
-133847494
1500875876
37158946
-1081485190
-365716122
454503663
1757941835
-822893320
-2072266292
-434510363
-2085871309
1931293124
1170477431
395682399
-440303895
749650093
-1368801348
-1657793511
-2011245941
-607877118
288389432
-1701150504
-1469621165
-266807734
-94042717
1114023342
422650546
1280065039
1106468715
1014320615
-202411267
2062874798
27243372
557410364
-566045657
836923222
704779649
1339414203
-1997320524
2069127054
-721911389
-1731358173
-1135509489
919315309
-667684001
1873271867
-734669835
785888665
1314878155
1836349913
-1469295844
553566440
-1653943306
270156598
-728030409
-2065264657
-1709099550
-1051469799
1984463508
1196965976
1908755043
1008759799
-1246214197
940033597
-1154063493
1366306732
1465573877
1159044482
193605386
1936902094
-1081006229
125670419
-601547068
1829235064
-439711359
-216205927
372474659
2018643076
1727534422
-195113594
367426407
76593729
1318689508
1420442774
-274180656
-2070629287
374053022
169860278
439293272
-1546512649
2056798775
631414870
1270594022
1085043514
1528915465
366988157
534414071
-662354520
-94473417
1539631275
1969323111
1713693477
1975363865
-1844151558
139793630
1353310559
-572347785
918860627
1492116093
-338082839
-2068514772
242468742
420377014
744975226
392867400
529551441
-1618637522
-411411812
-1927786058
197281747
-649523506
-366819182
1388818037
1135261096
348546698
-1700398493
-1750050882
1128278274
1268236128
1176057516
